#/home/grandocu/anaconda2/envs/gl-env/lib/python2.7/site-packages/ipykernel/__main__.py -f /run/user/1000/jupyter/kernel-f88426d5-ea07-4dc0-a54a-f23be54f89db.json
# GMT Fri Jun  9 14:24:55 2017
# 
0
1
2
3
4 88
5 13
6 8
7 8
8 9
9 10 75 61
10 50
11 94
12 13
13 83 14 15
14 16 17 29
15
16
17
18 19
19 20
20
21 51
22
23
24 53
25 58
26 94
27
28 98
29
30
31 62
32
33 34
34 35 97
35 36 69
36 47 37 38 39
37
38
39
40 97
41 42 58
42 98
43 94
44 47
45 47
46 47
47
48 75
49
50
51
52
53
54
55 88
56
57 98
58 59
59 60
60
61
62
63 68
64 68
65 68
66 69
67 70
68 69
69 70
70
71 86
72 73
73 91
74 98
75
76 77 86
77
78 79
79 80
80
81 82
82 98
83
84
85
86
87 88 89
88 90
89
90
91
92 94
93 94
94 95
95
96
97
98
99
